0 12
0 16
0 20
0 22
0 37
0 56
0 57
0 92
0 98
1 51
1 52
1 57
1 69
1 70
1 79
1 86
1 95
1 97
2 10
2 18
2 27
2 31
2 33
2 58
2 63
2 70
2 77
2 86
2 87
3 23
3 28
3 41
3 47
3 54
3 67
3 93
3 94
4 14
4 15
4 32
4 47
4 53
4 69
4 85
5 17
5 31
5 34
5 43
5 98
6 10
6 22
6 39
6 65
6 77
6 80
7 14
7 17
7 19
7 29
7 35
7 43
7 45
7 48
7 50
7 72
7 73
7 89
7 92
7 95
8 10
8 24
8 55
8 70
8 88
9 32
9 33
9 42
9 50
9 52
9 56
9 62
9 79
9 82
9 83
9 90
9 92
9 97
9 98
10 13
10 21
10 34
10 42
10 51
10 55
10 62
10 71
10 73
10 79
10 89
10 93
11 58
11 71
11 76
11 83
11 95
12 41
12 50
12 70
12 90
12 92
13 16
13 17
13 33
13 58
13 69
13 89
13 96
14 18
14 31
14 32
14 38
14 58
14 63
14 69
14 82
14 91
15 16
15 29
15 48
15 49
15 51
15 52
15 59
15 72
15 76
15 77
15 98
16 18
16 21
16 33
16 49
16 57
16 63
16 76
16 83
16 91
16 94
17 19
17 20
17 23
17 35
17 53
17 56
17 63
17 71
17 82
17 83
17 90
17 96
18 22
18 28
18 50
18 61
18 74
18 85
18 89
18 97
19 52
19 65
19 72
19 75
19 89
19 94
20 21
20 25
20 39
20 49
20 52
20 58
20 68
20 71
20 85
21 31
21 57
21 62
21 69
21 75
21 98
22 34
22 55
22 58
22 62
22 85
23 31
23 46
23 54
23 67
23 73
23 88
23 95
24 26
24 29
24 65
24 69
24 73
25 27
25 32
25 38
25 47
25 49
25 54
25 56
25 64
25 77
25 87
25 95
26 35
26 44
26 50
26 54
26 70
26 71
26 80
26 97
27 50
28 34
28 46
28 65
28 96
29 37
29 41
29 52
29 71
29 79
29 80
29 96
29 97
30 37
30 45
30 50
30 72
30 96
30 97
31 47
31 68
31 69
31 70
31 72
32 40
32 42
32 48
32 74
32 89
32 90
32 94
32 96
33 36
33 40
33 64
33 67
33 80
33 90
34 38
34 76
34 77
34 81
34 83
34 84
34 99
35 40
35 42
35 51
35 52
35 66
35 83
35 85
35 93
35 96
35 99
36 61
36 74
36 86
37 45
37 66
37 76
38 39
38 54
38 59
38 62
38 65
38 68
38 79
39 45
39 50
39 54
39 58
39 86
39 87
40 47
40 49
40 61
40 71
40 87
40 88
40 93
40 95
41 42
41 70
41 75
41 79
41 95
42 44
42 53
42 58
42 60
42 68
42 69
42 73
43 66
43 74
43 81
43 96
43 97
44 52
44 56
44 61
44 71
44 73
44 75
44 87
44 91
44 97
45 50
45 57
45 62
45 66
45 76
45 79
45 84
45 86
45 92
45 98
46 53
46 70
46 76
47 87
47 89
47 95
48 53
48 66
48 74
48 82
49 87
49 93
50 51
50 54
50 60
50 72
50 76
51 62
51 63
51 73
51 80
51 85
52 66
52 77
52 90
53 62
53 66
53 68
53 83
53 93
54 56
54 91
55 77
55 87
55 94
55 99
56 72
56 73
56 80
57 61
57 62
57 67
58 59
58 61
58 65
58 69
58 80
58 85
58 88
58 93
59 60
59 73
60 61
60 67
60 76
60 90
60 91
60 97
60 98
61 87
61 91
62 70
62 91
63 66
63 69
63 74
63 81
63 89
63 96
63 97
63 99
64 74
64 79
64 83
65 81
65 82
65 86
65 88
65 90
66 70
66 77
66 81
66 96
67 71
67 87
68 75
68 89
69 75
69 77
69 80
69 88
69 94
70 71
70 81
70 84
70 91
70 94
71 76
71 93
72 80
72 83
73 76
73 97
74 85
74 91
75 80
76 80
76 81
76 87
76 91
77 85
77 97
78 81
78 84
78 95
79 81
79 82
79 96
80 90
81 87
81 96
81 99
83 85
83 97
84 90
84 93
84 96
85 86
85 89
85 98
86 95
86 97
87 92
89 92
90 95
91 97
92 97
