0 3
0 4
0 5
0 12
0 13
0 25
0 32
0 56
0 57
0 61
0 64
0 73
0 76
0 105
0 110
0 112
0 114
0 130
1 6
1 22
1 32
1 34
1 41
1 81
1 103
1 113
1 131
1 132
1 140
2 28
2 60
2 69
2 70
2 79
2 97
2 117
2 120
2 126
2 134
2 147
3 5
3 13
3 19
3 29
3 32
3 33
3 40
3 67
3 86
3 87
3 88
3 91
3 96
3 103
3 120
3 137
3 139
4 7
4 18
4 19
4 39
4 47
4 80
4 81
4 87
4 88
4 96
4 114
4 124
4 136
5 8
5 10
5 13
5 17
5 22
5 34
5 50
5 57
5 62
5 70
5 74
5 100
5 103
5 104
5 138
5 147
6 49
6 57
6 66
6 68
6 75
6 79
6 85
6 86
6 101
6 116
6 127
6 132
6 142
7 23
7 26
7 37
7 38
7 49
7 54
7 58
7 80
7 82
7 99
7 113
7 115
7 117
7 121
7 126
7 136
7 145
7 146
7 147
8 9
8 15
8 20
8 25
8 38
8 49
8 61
8 64
8 86
8 88
8 101
8 102
8 108
8 109
8 117
8 120
8 135
8 145
9 11
9 18
9 21
9 37
9 49
9 65
9 71
9 72
9 73
9 87
9 120
9 130
9 149
10 13
10 17
10 22
10 23
10 32
10 46
10 48
10 88
10 96
10 103
10 109
10 117
10 122
10 128
10 139
10 140
10 146
11 36
11 40
11 78
11 83
11 96
11 110
11 112
11 117
11 122
11 134
11 144
12 20
12 25
12 37
12 54
12 67
12 87
12 98
12 99
12 113
12 131
12 133
12 136
12 138
13 17
13 40
13 42
13 49
13 78
13 93
13 110
13 111
13 120
13 121
14 28
14 64
14 74
14 77
14 84
14 101
14 105
14 116
14 117
14 122
14 146
15 19
15 33
15 45
15 50
15 55
15 68
15 70
15 74
15 81
15 109
15 115
15 136
15 137
15 141
16 42
16 65
16 73
16 79
16 102
16 124
17 25
17 30
17 31
17 46
17 47
17 48
17 58
17 59
17 81
17 88
17 100
17 104
17 108
17 137
17 139
17 149
18 22
18 29
18 58
18 66
18 71
18 72
18 82
18 86
18 88
18 91
18 105
18 116
19 22
19 23
19 32
19 36
19 62
19 64
19 68
19 80
19 85
19 90
19 93
19 95
19 96
19 112
19 115
19 147
20 21
20 24
20 30
20 36
20 39
20 48
20 62
20 85
20 95
20 96
20 102
20 113
20 133
20 138
20 141
20 146
21 31
21 36
21 43
21 49
21 50
21 59
21 73
21 76
21 93
21 99
21 110
21 112
21 147
22 23
22 38
22 50
22 73
22 84
22 88
22 91
22 118
22 124
22 125
22 127
22 134
22 138
22 148
22 149
23 65
23 67
23 75
23 80
23 86
23 100
23 126
23 128
23 129
23 146
23 147
23 148
24 40
24 65
24 71
24 73
24 74
24 107
24 112
24 117
24 119
24 133
24 134
24 136
25 28
25 36
25 40
25 45
25 61
25 70
25 81
25 109
25 129
25 130
25 133
25 137
25 145
26 27
26 35
26 48
26 64
26 80
26 84
26 85
26 89
26 93
26 97
26 108
26 112
26 115
26 120
27 28
27 31
27 36
27 49
27 75
27 78
27 92
27 96
27 124
27 137
27 140
27 141
28 32
28 35
28 41
28 47
28 59
28 64
28 69
28 73
28 74
28 81
28 82
28 90
28 102
28 111
28 114
28 117
28 125
28 142
29 42
29 46
29 52
29 56
29 60
29 74
29 90
29 93
29 116
29 121
29 130
29 132
29 136
29 138
29 148
30 49
30 52
30 62
30 66
30 67
30 77
30 113
30 121
30 128
30 146
31 42
31 52
31 71
31 87
31 92
31 94
31 113
31 132
31 134
31 149
32 33
32 53
32 77
32 99
32 102
32 121
32 122
32 139
32 140
32 144
33 39
33 46
33 53
33 69
33 88
33 100
33 110
33 142
33 145
34 37
34 55
34 75
34 82
34 110
34 122
34 125
34 127
34 132
34 135
35 36
35 37
35 45
35 47
35 48
35 53
35 66
35 70
35 78
35 87
35 96
35 105
35 124
35 138
35 142
36 38
36 42
36 51
36 72
36 90
36 94
36 97
36 112
36 122
36 146
37 41
37 46
37 79
37 93
37 98
37 101
37 102
37 115
37 123
37 127
38 44
38 52
38 54
38 63
38 73
38 85
38 91
38 100
39 41
39 73
39 74
39 79
39 87
39 111
39 113
39 143
40 56
40 77
40 79
40 85
40 95
40 98
40 101
40 104
40 115
40 130
41 44
41 94
41 115
41 138
41 145
41 147
42 56
42 61
42 65
42 67
42 81
42 93
42 100
42 102
42 104
42 122
43 46
43 64
43 75
43 90
43 115
43 118
43 123
43 125
44 46
44 47
44 66
44 69
44 73
44 101
44 115
44 124
45 53
45 60
45 73
45 84
45 95
45 131
46 67
46 69
46 71
46 82
46 127
46 142
46 145
47 54
47 56
47 99
47 107
47 112
47 134
48 51
48 60
48 73
48 76
48 81
48 83
48 103
48 104
48 139
49 55
49 56
49 66
49 75
49 79
49 88
49 92
49 96
49 101
49 110
50 73
50 90
50 96
50 102
50 121
50 146
51 88
51 118
51 119
51 121
52 61
52 74
52 86
52 89
52 100
52 105
52 109
52 115
52 119
52 135
52 143
52 149
53 54
53 69
53 70
53 72
53 75
53 76
53 87
53 89
53 97
53 115
53 116
53 121
53 124
53 126
53 132
53 144
54 62
54 68
54 74
54 78
54 90
54 92
54 100
54 114
54 139
54 141
54 144
55 62
55 87
55 90
55 93
55 121
55 126
55 129
55 130
56 62
56 65
56 74
56 80
56 84
56 105
56 111
56 123
56 145
56 147
56 148
56 149
57 58
57 60
57 64
57 73
57 93
57 95
57 100
57 104
57 119
57 128
57 149
58 109
58 114
58 120
58 122
58 123
58 127
58 141
58 143
58 145
59 60
59 66
59 67
59 72
59 80
59 86
59 98
59 112
59 117
59 134
59 143
60 70
60 79
60 80
60 85
60 94
60 103
60 113
60 117
60 135
60 136
60 137
61 73
61 127
61 137
61 147
62 71
62 91
62 96
62 111
62 143
63 69
63 84
63 86
63 88
63 89
63 100
63 101
63 114
63 125
63 129
63 131
63 133
63 146
63 148
64 93
64 103
64 112
64 117
64 137
64 140
64 146
65 68
65 72
65 82
65 85
65 96
65 97
65 101
65 106
65 134
65 145
66 68
66 72
66 79
66 95
66 96
66 98
66 101
66 106
66 115
66 118
66 133
66 138
66 141
67 77
67 83
67 97
67 100
67 101
67 118
67 137
68 78
68 94
68 100
68 117
68 130
68 133
68 143
68 148
69 72
69 87
69 118
69 128
69 130
69 139
70 71
70 78
70 87
70 89
70 92
70 101
70 123
70 128
70 129
70 141
70 147
71 77
71 84
71 110
71 122
72 82
72 104
72 109
72 123
72 129
73 85
73 92
73 100
73 103
73 123
73 136
73 141
73 144
74 82
74 86
74 88
74 120
74 124
74 133
74 138
74 141
74 143
74 145
74 149
75 81
75 86
75 92
75 93
75 94
75 96
75 98
75 103
75 106
75 133
75 135
75 137
75 139
76 86
76 89
76 96
76 102
76 104
76 111
76 123
76 126
76 145
77 83
77 92
77 93
77 113
77 115
77 117
77 132
78 92
78 96
78 113
78 119
78 121
78 139
78 143
79 89
79 94
79 95
79 102
79 104
79 109
79 148
80 84
80 108
80 134
80 136
81 90
81 93
81 101
81 109
81 118
81 140
82 84
82 89
82 92
82 94
82 96
82 98
82 110
82 124
82 133
82 135
82 142
83 91
83 112
83 115
83 119
83 131
84 93
84 97
84 114
84 116
84 125
84 132
84 135
84 141
84 149
85 88
85 90
85 123
85 128
85 148
86 99
87 91
87 97
87 113
87 118
87 137
87 146
88 93
88 109
88 142
89 95
89 96
89 98
89 121
89 136
89 140
89 142
89 144
89 145
90 92
90 96
90 124
91 124
91 125
91 142
92 110
92 124
92 131
92 138
92 146
93 95
93 98
93 108
93 111
93 127
93 147
94 105
94 115
94 116
94 127
94 131
94 139
94 141
94 146
95 118
95 136
95 137
95 144
96 100
96 106
96 111
96 112
96 121
96 130
96 132
96 145
97 99
97 108
97 113
97 118
97 124
97 127
97 129
98 100
98 103
98 118
98 125
98 131
98 132
98 135
98 138
99 128
99 132
99 135
99 139
99 141
99 143
100 110
100 111
100 119
100 146
100 149
101 102
101 131
102 104
102 107
102 110
102 117
102 119
102 122
102 125
102 142
102 143
103 120
103 129
103 137
103 138
103 140
104 108
104 110
104 127
104 130
104 145
105 112
105 117
105 137
105 145
105 148
106 118
106 126
106 129
106 139
107 113
107 135
107 144
107 149
108 112
108 117
108 120
108 131
109 114
109 119
109 140
110 111
110 112
110 138
110 144
110 147
111 122
111 123
111 134
111 136
111 148
112 114
112 124
112 125
112 131
112 132
112 136
112 137
113 115
113 138
113 139
113 146
114 124
114 127
114 132
114 145
115 147
115 149
116 133
116 134
117 118
117 123
117 131
117 133
117 139
117 142
117 143
117 146
118 120
118 147
119 120
119 122
119 143
120 133
120 138
121 130
121 131
121 135
121 137
121 142
121 145
122 125
122 127
122 128
122 135
122 140
123 126
123 139
123 142
123 143
123 149
124 127
124 135
125 128
125 129
125 138
125 142
126 134
126 143
127 130
127 138
127 140
127 141
127 146
128 133
129 130
129 135
129 145
129 148
130 131
130 133
130 141
131 141
131 148
132 133
132 134
133 136
133 137
133 142
135 136
135 139
135 140
135 142
136 141
136 144
136 146
137 146
137 149
138 139
139 149
142 146
145 148
