0 28
0 42
0 50
0 83
0 86
0 96
0 130
0 137
0 148
0 163
0 169
0 185
0 191
0 196
0 197
1 9
1 18
1 50
1 63
1 64
1 66
1 75
1 78
1 87
1 135
1 150
1 155
1 162
1 165
1 174
1 179
1 181
1 190
1 195
1 198
2 3
2 20
2 26
2 42
2 52
2 54
2 65
2 77
2 82
2 84
2 89
2 133
2 154
2 169
2 176
2 189
3 30
3 47
3 57
3 69
3 73
3 78
3 108
3 114
3 122
3 125
3 133
3 137
3 145
3 152
3 171
3 181
3 198
4 6
4 7
4 10
4 16
4 19
4 44
4 57
4 64
4 71
4 102
4 110
4 129
4 136
4 141
4 148
4 150
4 164
4 169
4 174
5 6
5 9
5 21
5 30
5 35
5 38
5 41
5 42
5 49
5 65
5 105
5 113
5 118
5 127
5 161
5 172
5 177
5 184
5 198
6 40
6 47
6 52
6 69
6 79
6 95
6 100
6 112
6 121
6 140
6 150
6 154
6 163
6 169
6 196
6 197
6 199
7 9
7 11
7 40
7 48
7 53
7 57
7 61
7 86
7 139
7 154
7 155
7 170
7 178
7 187
8 13
8 25
8 30
8 40
8 41
8 47
8 53
8 61
8 92
8 103
8 109
8 112
8 126
8 131
8 148
8 156
8 176
8 187
8 192
9 14
9 29
9 39
9 41
9 42
9 53
9 56
9 71
9 83
9 96
9 107
9 110
9 111
9 116
9 119
9 121
9 127
9 133
9 146
9 149
9 159
9 179
9 182
9 186
9 194
10 12
10 33
10 40
10 45
10 63
10 71
10 72
10 78
10 80
10 83
10 84
10 92
10 100
10 129
10 137
10 140
10 141
10 156
10 161
10 171
10 172
10 179
10 192
11 16
11 19
11 31
11 35
11 38
11 40
11 41
11 45
11 79
11 82
11 129
11 147
11 169
11 186
12 17
12 26
12 33
12 34
12 58
12 60
12 67
12 74
12 80
12 88
12 109
12 118
12 129
12 137
12 156
12 176
12 186
13 14
13 34
13 42
13 63
13 79
13 88
13 99
13 102
13 107
13 124
13 136
13 148
13 160
13 162
13 172
13 194
14 17
14 23
14 29
14 37
14 59
14 65
14 79
14 84
14 102
14 107
14 112
14 113
14 114
14 127
14 130
14 136
14 139
14 167
14 177
14 179
15 20
15 23
15 43
15 53
15 76
15 102
15 122
15 133
15 153
15 176
15 179
15 181
15 183
15 191
15 194
15 195
16 17
16 23
16 30
16 35
16 44
16 48
16 52
16 65
16 71
16 74
16 91
16 110
16 118
16 130
16 163
16 166
16 170
16 171
16 176
16 187
16 198
17 38
17 54
17 60
17 68
17 71
17 72
17 77
17 95
17 104
17 110
17 116
17 121
17 127
17 142
17 147
17 166
17 167
17 171
17 175
17 183
17 196
18 24
18 35
18 36
18 38
18 57
18 67
18 68
18 82
18 89
18 94
18 118
18 133
18 140
18 142
18 172
18 177
18 182
18 185
18 188
18 195
19 45
19 64
19 69
19 85
19 92
19 97
19 101
19 105
19 114
19 118
19 126
19 148
19 157
19 161
19 175
19 178
19 179
19 182
19 187
19 194
20 21
20 29
20 45
20 52
20 55
20 61
20 65
20 71
20 80
20 95
20 102
20 108
20 142
20 145
20 146
20 149
20 152
20 159
20 177
20 199
21 41
21 54
21 57
21 59
21 62
21 66
21 68
21 72
21 75
21 84
21 89
21 93
21 113
21 115
21 124
21 141
21 161
21 167
21 179
21 183
21 196
22 37
22 41
22 43
22 45
22 47
22 53
22 58
22 85
22 101
22 134
22 163
22 168
22 181
22 191
22 198
23 27
23 41
23 45
23 46
23 72
23 81
23 91
23 94
23 100
23 117
23 119
23 132
23 136
23 144
23 146
23 153
23 156
23 157
23 173
24 48
24 63
24 78
24 88
24 93
24 95
24 121
24 140
24 157
24 159
24 193
25 27
25 34
25 42
25 43
25 48
25 67
25 88
25 90
25 98
25 101
25 107
25 130
25 137
25 143
25 149
25 159
25 178
25 192
26 28
26 36
26 40
26 68
26 77
26 90
26 98
26 103
26 110
26 112
26 113
26 118
26 123
26 127
26 129
26 130
26 131
26 137
26 139
26 141
26 148
26 151
26 157
26 161
26 162
26 164
26 171
26 176
26 178
26 180
26 185
26 194
27 28
27 31
27 34
27 35
27 60
27 148
27 159
27 160
27 169
27 170
27 177
27 178
28 43
28 63
28 68
28 75
28 87
28 96
28 100
28 106
28 118
28 132
28 134
28 135
28 138
28 141
28 144
28 146
28 148
28 156
28 160
28 164
28 165
28 184
28 197
29 31
29 44
29 62
29 77
29 87
29 92
29 98
29 103
29 133
29 135
29 145
29 156
29 170
29 182
29 190
29 191
29 195
30 32
30 47
30 69
30 70
30 71
30 78
30 81
30 84
30 89
30 103
30 110
30 111
30 112
30 141
30 146
30 147
30 155
30 172
30 176
30 184
30 188
30 196
31 33
31 60
31 79
31 87
31 92
31 94
31 96
31 101
31 111
31 119
31 123
31 124
31 156
31 157
31 193
31 196
32 38
32 47
32 53
32 68
32 82
32 92
32 100
32 108
32 109
32 129
32 146
32 151
32 156
32 159
32 162
32 171
32 178
32 180
32 183
32 199
33 42
33 44
33 61
33 70
33 94
33 98
33 108
33 119
33 122
33 158
33 160
33 161
33 197
34 51
34 52
34 56
34 64
34 65
34 69
34 70
34 90
34 102
34 118
34 123
34 125
34 150
34 152
34 153
34 154
34 157
34 160
34 164
34 181
35 36
35 39
35 42
35 64
35 82
35 94
35 98
35 107
35 144
35 146
35 150
35 153
35 164
35 166
35 173
35 176
35 192
35 195
36 59
36 68
36 99
36 120
36 122
36 127
36 145
36 147
36 152
36 155
36 157
36 192
37 46
37 54
37 65
37 76
37 82
37 84
37 86
37 93
37 97
37 121
37 137
37 140
37 151
37 152
37 175
37 176
37 184
37 190
37 194
38 43
38 45
38 56
38 71
38 76
38 77
38 82
38 90
38 95
38 109
38 114
38 120
38 121
38 140
38 174
38 177
38 190
38 199
39 54
39 66
39 84
39 87
39 89
39 93
39 99
39 105
39 118
39 144
39 158
39 165
39 184
39 188
39 192
40 59
40 64
40 77
40 87
40 91
40 98
40 107
40 120
40 131
40 138
40 150
40 165
40 170
40 196
40 199
41 48
41 62
41 63
41 75
41 93
41 104
41 128
41 131
41 135
41 153
41 161
41 165
41 179
41 182
41 183
41 196
42 51
42 57
42 64
42 66
42 86
42 90
42 92
42 93
42 98
42 101
42 111
42 150
42 172
42 178
42 180
42 187
42 192
42 196
43 65
43 68
43 71
43 78
43 85
43 93
43 97
43 111
43 117
43 119
43 123
43 135
43 136
43 137
43 146
43 157
43 166
43 178
43 180
43 199
44 49
44 63
44 67
44 73
44 91
44 95
44 96
44 98
44 106
44 107
44 109
44 111
44 137
44 139
44 149
44 150
44 164
44 180
44 193
45 55
45 64
45 67
45 81
45 90
45 106
45 113
45 114
45 115
45 128
45 155
46 54
46 70
46 98
46 106
46 126
46 127
46 130
46 131
46 135
46 148
46 160
46 177
46 192
47 55
47 63
47 140
47 151
48 49
48 54
48 58
48 65
48 71
48 97
48 103
48 186
49 57
49 61
49 64
49 65
49 70
49 71
49 82
49 96
49 100
49 104
49 119
49 120
49 141
49 144
49 149
49 161
49 170
49 181
49 186
49 193
49 195
49 196
49 198
50 52
50 58
50 76
50 77
50 93
50 124
50 136
50 185
51 56
51 73
51 97
51 101
51 116
51 137
51 142
51 145
51 162
51 179
51 180
51 181
51 186
51 190
51 195
52 53
52 69
52 76
52 99
52 100
52 110
52 119
52 139
53 58
53 59
53 72
53 75
53 119
53 122
53 130
53 149
53 157
53 182
53 184
53 190
54 61
54 62
54 65
54 66
54 76
54 83
54 91
54 136
54 138
54 139
54 158
54 168
54 170
54 181
54 196
55 56
55 66
55 70
55 72
55 100
55 107
55 108
55 125
55 142
55 143
55 146
55 159
55 166
55 167
55 168
55 187
55 194
56 63
56 66
56 73
56 74
56 76
56 89
56 110
56 115
56 125
56 126
56 150
56 151
56 161
56 167
56 169
56 171
56 181
57 62
57 73
57 75
57 80
57 82
57 87
57 88
57 93
57 98
57 110
57 111
57 130
57 140
58 63
58 85
58 102
58 109
58 118
58 119
58 122
58 123
58 124
58 129
58 131
58 132
58 141
58 143
58 152
58 161
58 177
58 181
58 183
58 188
58 192
59 62
59 65
59 69
59 105
59 108
59 114
59 129
59 140
59 145
59 166
59 167
59 189
60 76
60 83
60 96
60 99
60 108
60 113
60 116
60 130
60 152
60 157
60 159
60 165
60 167
60 170
60 187
61 68
61 79
61 80
61 83
61 90
61 116
61 130
61 138
61 149
61 177
62 65
62 66
62 108
62 121
62 132
62 136
62 142
62 150
62 174
62 182
62 188
62 190
62 193
63 70
63 91
63 115
63 133
63 136
63 139
63 144
63 148
63 154
63 173
63 174
63 182
63 191
63 197
63 198
64 67
64 79
64 102
64 122
64 127
64 131
64 155
64 160
64 164
64 174
64 176
64 186
64 187
64 189
64 192
64 194
64 199
65 66
65 75
65 112
65 130
65 137
65 142
65 151
65 164
65 167
65 171
65 192
66 69
66 81
66 89
66 99
66 124
66 146
66 165
66 171
66 187
67 73
67 75
67 85
67 97
67 113
67 114
67 143
67 145
67 151
67 173
68 74
68 91
68 102
68 109
68 122
68 125
68 131
68 135
68 141
68 145
68 154
68 159
69 72
69 74
69 75
69 83
69 101
69 113
69 135
69 147
69 160
69 162
69 165
69 167
69 170
69 173
69 176
69 185
70 74
70 76
70 80
70 90
70 96
70 118
70 133
70 136
70 149
70 153
70 154
70 158
70 163
71 82
71 96
71 97
71 111
71 118
71 125
71 129
71 158
71 161
71 173
71 183
71 187
71 190
71 197
72 76
72 84
72 101
72 110
72 111
72 117
72 138
72 139
72 140
72 186
72 187
72 199
73 75
73 84
73 88
73 111
73 122
73 131
73 140
73 154
73 155
73 158
73 167
73 185
73 195
74 98
74 108
74 121
74 148
74 154
74 160
74 162
74 174
74 191
75 98
75 108
75 120
75 141
75 168
75 169
75 171
75 174
75 199
76 77
76 97
76 102
76 104
76 126
76 132
76 136
76 149
76 156
76 179
76 181
76 186
77 89
77 92
77 102
77 106
77 115
77 121
77 123
77 126
77 143
77 146
77 147
77 148
77 173
77 177
77 178
77 182
78 86
78 89
78 130
78 132
78 141
78 145
78 147
78 158
78 165
78 180
78 183
78 196
78 199
79 98
79 121
79 122
79 135
79 145
79 147
79 152
79 165
79 166
79 178
79 194
79 198
80 120
80 125
80 126
80 139
80 146
80 148
80 162
80 172
80 197
81 92
81 112
81 135
81 136
81 142
81 168
81 179
81 197
82 83
82 87
82 89
82 96
82 127
82 142
82 147
82 148
82 159
82 162
82 172
82 177
82 191
82 197
83 98
83 102
83 109
83 118
83 156
83 164
83 171
83 180
83 185
84 85
84 88
84 93
84 94
84 101
84 119
84 134
84 135
84 138
84 163
84 169
84 171
84 176
84 177
84 186
85 88
85 93
85 94
85 99
85 101
85 102
85 111
85 149
85 152
85 155
85 160
85 178
85 194
85 197
85 199
86 89
86 98
86 131
86 142
86 143
87 93
87 94
87 122
87 131
87 140
87 166
87 169
87 172
87 198
87 199
88 93
88 96
88 98
88 108
88 130
88 133
88 142
88 177
89 103
89 111
89 127
89 149
89 155
89 157
89 160
89 164
89 171
89 172
89 186
89 190
89 191
89 195
89 197
90 91
90 103
90 120
90 121
90 137
90 147
90 158
90 162
90 165
90 174
90 176
90 177
90 180
91 93
91 99
91 110
91 111
91 118
91 133
91 144
91 147
91 167
91 175
91 176
91 180
91 185
91 190
91 194
92 103
92 106
92 122
92 127
92 133
92 137
92 139
92 153
92 166
92 192
93 118
93 119
93 128
93 135
93 168
93 187
93 189
93 197
94 126
94 128
94 138
94 164
94 165
94 187
94 189
95 98
95 99
95 104
95 112
95 120
95 124
95 137
95 163
95 164
95 178
95 192
96 111
96 112
96 124
96 132
96 135
96 146
96 160
96 166
96 171
96 176
97 115
97 118
97 128
97 129
97 133
97 142
97 144
97 176
97 178
97 186
97 199
98 99
98 111
98 119
98 120
98 134
98 142
98 148
98 152
98 159
98 163
98 174
98 175
98 176
98 179
98 190
99 100
99 106
99 126
99 142
99 145
99 148
99 156
99 176
99 190
99 199
100 105
100 109
100 123
100 146
100 150
100 161
100 174
100 179
100 186
100 190
101 106
101 125
101 134
101 138
101 140
101 150
101 156
101 167
101 168
101 176
102 139
102 142
102 161
102 164
102 165
102 187
102 189
102 196
103 109
103 166
103 176
103 183
103 186
103 188
103 189
104 129
104 132
104 136
104 149
104 153
104 157
104 159
104 162
104 176
104 188
104 189
104 191
105 111
105 113
105 123
105 125
105 128
105 130
105 134
105 139
105 152
105 175
106 115
106 122
106 130
106 144
106 150
106 159
106 176
106 188
106 191
106 197
106 199
107 126
107 128
107 129
107 132
107 136
107 137
107 169
107 182
107 193
107 199
108 127
108 128
108 155
108 181
108 187
108 191
108 192
109 113
109 131
109 159
109 187
109 189
109 195
110 131
110 145
110 156
110 161
110 163
110 169
110 174
110 176
110 179
110 182
111 116
111 128
111 130
111 131
111 154
111 165
111 169
111 178
111 179
111 191
112 118
112 125
112 130
112 149
112 163
112 185
112 198
113 116
113 126
113 127
113 133
113 134
113 139
113 149
113 156
113 162
113 171
113 182
114 130
114 173
114 198
115 118
115 120
115 123
115 135
115 137
115 147
115 156
115 157
115 177
115 192
116 124
116 138
116 141
116 150
116 152
116 162
116 170
116 185
116 187
117 131
117 146
117 153
117 158
117 160
117 184
117 187
117 193
118 126
118 132
118 140
118 173
118 193
119 125
119 132
119 135
119 149
119 160
119 169
120 123
120 142
120 144
120 155
120 157
120 164
120 174
120 178
120 183
120 190
120 191
121 134
121 143
121 144
121 145
121 146
121 156
121 186
121 192
122 130
122 136
122 140
122 141
122 149
122 182
122 191
123 135
123 136
123 141
123 143
123 145
123 162
123 173
123 185
123 188
123 189
124 134
124 137
124 140
124 156
124 172
124 186
124 187
124 189
124 192
125 147
125 171
125 183
125 184
126 139
126 142
126 145
126 152
126 161
126 190
126 195
127 145
127 164
127 169
127 177
127 185
127 195
128 143
128 151
128 168
128 171
128 180
128 186
128 189
129 131
129 137
129 145
129 160
129 162
129 170
129 178
129 187
130 168
130 183
130 186
130 188
130 193
130 198
131 147
131 155
131 167
131 174
131 188
131 191
132 133
132 134
132 136
132 137
132 138
132 144
132 145
132 164
132 171
132 182
132 183
132 193
133 142
133 153
133 162
133 163
133 172
133 180
133 187
134 135
134 141
134 146
134 166
134 184
134 196
135 138
135 142
135 187
136 141
136 150
136 172
136 176
136 184
136 195
137 144
137 177
137 187
138 139
138 141
138 143
138 152
138 164
138 167
138 175
138 177
138 189
138 190
138 199
139 150
139 151
139 152
139 160
139 163
139 172
139 177
139 189
140 145
140 147
140 169
140 183
140 185
140 188
140 193
140 195
141 145
141 151
141 152
141 158
141 162
141 178
142 146
142 192
143 162
144 147
144 148
144 186
145 150
145 155
146 163
146 173
146 199
147 161
147 179
147 184
147 187
147 192
148 151
148 172
148 187
148 188
148 192
148 196
149 166
149 182
149 190
149 191
150 151
150 166
150 171
150 192
150 193
151 154
151 156
151 159
151 174
151 178
151 182
152 167
152 180
152 181
152 192
153 163
153 165
153 175
154 175
154 181
154 185
154 189
154 197
155 158
155 176
155 178
156 173
157 189
157 198
158 164
158 186
158 189
158 190
159 164
159 170
159 172
160 178
160 180
161 179
161 193
162 188
162 195
163 165
163 168
163 174
163 199
164 181
165 175
165 187
165 190
166 188
166 193
167 169
167 174
167 175
167 184
168 192
168 194
168 197
169 172
169 178
170 189
170 195
171 181
171 185
172 179
173 194
174 191
175 177
176 191
176 194
176 195
176 197
177 178
177 184
177 197
178 179
178 186
179 198
179 199
180 187
181 183
181 192
182 189
182 190
182 198
184 193
184 194
184 197
186 189
187 191
187 196
191 198
191 199
192 199
193 197
194 196
